    313
    .00000E+00   -.47178E+00
    .32051E-03   -.47194E+00
    .64103E-03   -.47242E+00
    .96154E-03   -.47322E+00
    .12821E-02   -.47432E+00
    .16026E-02   -.47574E+00
    .19231E-02   -.47745E+00
    .22436E-02   -.47945E+00
    .25641E-02   -.48174E+00
    .28846E-02   -.48429E+00
    .32051E-02   -.48711E+00
    .35256E-02   -.49017E+00
    .38462E-02   -.49346E+00
    .41667E-02   -.49698E+00
    .44872E-02   -.50070E+00
    .48077E-02   -.50462E+00
    .51282E-02   -.50873E+00
    .54487E-02   -.51299E+00
    .57692E-02   -.51742E+00
    .60897E-02   -.52199E+00
    .64103E-02   -.52669E+00
    .67308E-02   -.53151E+00
    .70513E-02   -.53643E+00
    .73718E-02   -.54146E+00
    .76923E-02   -.54657E+00
    .80128E-02   -.55176E+00
    .83333E-02   -.55701E+00
    .86538E-02   -.56233E+00
    .89744E-02   -.56770E+00
    .92949E-02   -.57312E+00
    .96154E-02   -.57858E+00
    .99359E-02   -.58406E+00
    .10256E-01   -.58958E+00
    .10577E-01   -.59511E+00
    .10897E-01   -.60067E+00
    .11218E-01   -.60623E+00
    .11538E-01   -.61180E+00
    .11859E-01   -.61737E+00
    .12179E-01   -.62295E+00
    .12500E-01   -.62852E+00
    .12821E-01   -.63409E+00
    .13141E-01   -.63965E+00
    .13462E-01   -.64520E+00
    .13782E-01   -.65073E+00
    .14103E-01   -.65626E+00
    .14423E-01   -.66176E+00
    .14744E-01   -.66725E+00
    .15064E-01   -.67272E+00
    .15385E-01   -.67817E+00
    .15705E-01   -.68360E+00
    .16026E-01   -.68901E+00
    .16346E-01   -.69440E+00
    .16667E-01   -.69977E+00
    .16987E-01   -.70511E+00
    .17308E-01   -.71043E+00
    .17628E-01   -.71573E+00
    .17949E-01   -.72100E+00
    .18269E-01   -.72625E+00
    .18590E-01   -.73148E+00
    .18910E-01   -.73668E+00
    .19231E-01   -.74186E+00
    .19551E-01   -.74702E+00
    .19872E-01   -.75215E+00
    .20192E-01   -.75727E+00
    .20513E-01   -.76236E+00
    .20833E-01   -.76742E+00
    .21154E-01   -.77247E+00
    .21474E-01   -.77750E+00
    .21795E-01   -.78250E+00
    .22115E-01   -.78748E+00
    .22436E-01   -.79245E+00
    .22756E-01   -.79739E+00
    .23077E-01   -.80232E+00
    .23397E-01   -.80723E+00
    .23718E-01   -.81212E+00
    .24038E-01   -.81699E+00
    .24359E-01   -.82184E+00
    .24679E-01   -.82668E+00
    .25000E-01   -.83150E+00
    .25321E-01   -.83630E+00
    .25641E-01   -.84109E+00
    .25962E-01   -.84585E+00
    .26282E-01   -.85061E+00
    .26603E-01   -.85534E+00
    .26923E-01   -.86006E+00
    .27244E-01   -.86475E+00
    .27564E-01   -.86943E+00
    .27885E-01   -.87410E+00
    .28205E-01   -.87874E+00
    .28526E-01   -.88336E+00
    .28846E-01   -.88796E+00
    .29167E-01   -.89253E+00
    .29487E-01   -.89708E+00
    .29808E-01   -.90161E+00
    .30128E-01   -.90610E+00
    .30449E-01   -.91057E+00
    .30769E-01   -.91500E+00
    .31090E-01   -.91940E+00
    .31410E-01   -.92375E+00
    .31731E-01   -.92807E+00
    .32051E-01   -.93233E+00
    .32372E-01   -.93655E+00
    .32692E-01   -.94071E+00
    .33013E-01   -.94480E+00
    .33333E-01   -.94883E+00
    .33654E-01   -.95279E+00
    .33974E-01   -.95666E+00
    .34295E-01   -.96045E+00
    .34615E-01   -.96414E+00
    .34936E-01   -.96772E+00
    .35256E-01   -.97119E+00
    .35577E-01   -.97454E+00
    .35897E-01   -.97775E+00
    .36218E-01   -.98080E+00
    .36538E-01   -.98370E+00
    .36859E-01   -.98641E+00
    .37179E-01   -.98894E+00
    .37500E-01   -.99126E+00
    .37821E-01   -.99335E+00
    .38141E-01   -.99519E+00
    .38462E-01   -.99677E+00
    .38782E-01   -.99807E+00
    .39103E-01   -.99905E+00
    .39423E-01   -.99970E+00
    .39744E-01   -.10000E+01
    .40064E-01   -.99991E+00
    .40385E-01   -.99941E+00
    .40705E-01   -.99847E+00
    .41026E-01   -.99707E+00
    .41346E-01   -.99516E+00
    .41667E-01   -.99272E+00
    .41987E-01   -.98971E+00
    .42308E-01   -.98611E+00
    .42628E-01   -.98187E+00
    .42949E-01   -.97697E+00
    .43269E-01   -.97137E+00
    .43590E-01   -.96504E+00
    .43910E-01   -.95795E+00
    .44231E-01   -.95007E+00
    .44551E-01   -.94137E+00
    .44872E-01   -.93183E+00
    .45192E-01   -.92142E+00
    .45513E-01   -.91013E+00
    .45833E-01   -.89794E+00
    .46154E-01   -.88485E+00
    .46474E-01   -.87085E+00
    .46795E-01   -.85595E+00
    .47115E-01   -.84016E+00
    .47436E-01   -.82349E+00
    .47756E-01   -.80598E+00
    .48077E-01   -.78765E+00
    .48397E-01   -.76856E+00
    .48718E-01   -.74875E+00
    .49038E-01   -.72828E+00
    .49359E-01   -.70722E+00
    .49679E-01   -.68563E+00
    .50000E-01   -.66361E+00
    .50321E-01   -.64122E+00
    .50641E-01   -.61857E+00
    .50962E-01   -.59574E+00
    .51282E-01   -.57282E+00
    .51603E-01   -.54991E+00
    .51923E-01   -.52709E+00
    .52244E-01   -.50445E+00
    .52564E-01   -.48208E+00
    .52885E-01   -.46006E+00
    .53205E-01   -.43845E+00
    .53526E-01   -.41733E+00
    .53846E-01   -.39674E+00
    .54167E-01   -.37675E+00
    .54487E-01   -.35740E+00
    .54808E-01   -.33871E+00
    .55128E-01   -.32072E+00
    .55449E-01   -.30344E+00
    .55769E-01   -.28689E+00
    .56090E-01   -.27108E+00
    .56410E-01   -.25600E+00
    .56731E-01   -.24164E+00
    .57051E-01   -.22801E+00
    .57372E-01   -.21508E+00
    .57692E-01   -.20283E+00
    .58013E-01   -.19125E+00
    .58333E-01   -.18032E+00
    .58654E-01   -.17000E+00
    .58974E-01   -.16028E+00
    .59295E-01   -.15112E+00
    .59615E-01   -.14251E+00
    .59936E-01   -.13441E+00
    .60256E-01   -.12680E+00
    .60577E-01   -.11965E+00
    .60897E-01   -.11293E+00
    .61218E-01   -.10663E+00
    .61538E-01   -.10071E+00
    .61859E-01   -.95161E-01
    .62179E-01   -.89952E-01
    .62500E-01   -.85064E-01
    .62821E-01   -.80477E-01
    .63141E-01   -.76172E-01
    .63462E-01   -.72131E-01
    .63782E-01   -.68337E-01
    .64103E-01   -.64775E-01
    .64423E-01   -.61428E-01
    .64744E-01   -.58283E-01
    .65064E-01   -.55327E-01
    .65385E-01   -.52548E-01
    .65705E-01   -.49933E-01
    .66026E-01   -.47473E-01
    .66346E-01   -.45156E-01
    .66667E-01   -.42975E-01
    .66987E-01   -.40919E-01
    .67308E-01   -.38981E-01
    .67628E-01   -.37152E-01
    .67949E-01   -.35427E-01
    .68269E-01   -.33799E-01
    .68590E-01   -.32260E-01
    .68910E-01   -.30806E-01
    .69231E-01   -.29430E-01
    .69551E-01   -.28129E-01
    .69872E-01   -.26898E-01
    .70192E-01   -.25731E-01
    .70513E-01   -.24626E-01
    .70833E-01   -.23578E-01
    .71154E-01   -.22584E-01
    .71474E-01   -.21641E-01
    .71795E-01   -.20745E-01
    .72115E-01   -.19894E-01
    .72436E-01   -.19085E-01
    .72756E-01   -.18316E-01
    .73077E-01   -.17584E-01
    .73397E-01   -.16887E-01
    .73718E-01   -.16224E-01
    .74038E-01   -.15591E-01
    .74359E-01   -.14988E-01
    .74679E-01   -.14413E-01
    .75000E-01   -.13865E-01
    .75321E-01   -.13341E-01
    .75641E-01   -.12840E-01
    .75962E-01   -.12363E-01
    .76282E-01   -.11906E-01
    .76603E-01   -.11469E-01
    .76923E-01   -.11051E-01
    .77244E-01   -.10650E-01
    .77564E-01   -.10267E-01
    .77885E-01   -.99002E-02
    .78205E-01   -.95485E-02
    .78526E-01   -.92113E-02
    .78846E-01   -.88880E-02
    .79167E-01   -.85778E-02
    .79487E-01   -.82802E-02
    .79808E-01   -.79943E-02
    .80128E-01   -.77198E-02
    .80449E-01   -.74563E-02
    .80769E-01   -.72030E-02
    .81090E-01   -.69596E-02
    .81410E-01   -.67254E-02
    .81731E-01   -.65001E-02
    .82051E-01   -.62833E-02
    .82372E-01   -.60748E-02
    .82692E-01   -.58740E-02
    .83013E-01   -.56807E-02
    .83333E-01   -.54945E-02
    .83654E-01   -.53150E-02
    .83974E-01   -.51422E-02
    .84295E-01   -.49756E-02
    .84615E-01   -.48149E-02
    .84936E-01   -.46599E-02
    .85256E-01   -.45104E-02
    .85577E-01   -.43662E-02
    .85897E-01   -.42270E-02
    .86218E-01   -.40927E-02
    .86538E-01   -.39631E-02
    .86859E-01   -.38379E-02
    .87179E-01   -.37170E-02
    .87500E-01   -.36003E-02
    .87821E-01   -.34875E-02
    .88141E-01   -.33785E-02
    .88462E-01   -.32731E-02
    .88782E-01   -.31713E-02
    .89103E-01   -.30729E-02
    .89423E-01   -.29778E-02
    .89744E-01   -.28858E-02
    .90064E-01   -.27968E-02
    .90385E-01   -.27107E-02
    .90705E-01   -.26274E-02
    .91026E-01   -.25469E-02
    .91346E-01   -.24690E-02
    .91667E-01   -.23936E-02
    .91987E-01   -.23204E-02
    .92308E-01   -.22498E-02
    .92628E-01   -.21814E-02
    .92949E-01   -.21152E-02
    .93269E-01   -.20511E-02
    .93590E-01   -.19890E-02
    .93910E-01   -.19288E-02
    .94231E-01   -.18705E-02
    .94551E-01   -.18141E-02
    .94872E-01   -.17595E-02
    .95192E-01   -.17066E-02
    .95513E-01   -.16553E-02
    .95833E-01   -.16057E-02
    .96154E-01   -.15575E-02
    .96474E-01   -.15108E-02
    .96795E-01   -.14656E-02
    .97115E-01   -.14218E-02
    .97436E-01   -.13794E-02
    .97756E-01   -.13382E-02
    .98077E-01   -.12982E-02
    .98397E-01   -.12595E-02
    .98718E-01   -.12219E-02
    .99038E-01   -.11856E-02
    .99359E-01   -.11504E-02
    .99679E-01   -.11163E-02
    .10000E+00   -.10831E-02
    .10032E+00   -.10510E-02
    .10064E+00   -.10199E-02
    .10096E+00   -.98969E-03
    .10128E+00   -.96032E-03
    .10160E+00   -.93177E-03
    .10192E+00   -.90412E-03
    .10224E+00   -.87740E-03
    .10256E+00   -.85153E-03
    .10288E+00   -.82642E-03
    .10321E+00   -.80203E-03
    .10353E+00   -.77833E-03
    .10385E+00   -.75535E-03
    .10417E+00   -.73308E-03
    .10449E+00   -.71149E-03
    .10481E+00   -.69053E-03
    .10513E+00   -.67017E-03
    .10545E+00   -.65047E-03
    .10577E+00   -.63138E-03
    .10609E+00   -.61281E-03
    .10641E+00   -.59474E-03
    .10673E+00   -.57721E-03
    .10705E+00   -.56019E-03
    .10737E+00   -.54359E-03
    .10769E+00   -.52754E-03
    .10801E+00   -.51208E-03
    .10833E+00   -.49713E-03
    .10865E+00   -.48260E-03
    .10897E+00   -.46852E-03
    .10929E+00   -.45479E-03
    .10962E+00   -.44144E-03
    .10994E+00   -.42845E-03
    .11026E+00   -.41581E-03
    .11058E+00   -.40359E-03
    .11090E+00   -.39168E-03
    .11122E+00   -.38011E-03
    .11154E+00   -.36893E-03
    .11186E+00   -.35816E-03
    .11218E+00   -.34776E-03
    .11250E+00   -.33768E-03
    .11282E+00   -.32785E-03
    .11314E+00   -.31824E-03
    .11346E+00   -.30896E-03
    .11378E+00   -.29982E-03
    .11410E+00   -.29083E-03
    .11442E+00   -.28218E-03
    .11474E+00   -.27386E-03
    .11506E+00   -.26577E-03
    .11538E+00   -.25797E-03
    .11571E+00   -.25055E-03
    .11603E+00   -.24331E-03
    .11635E+00   -.23604E-03
    .11667E+00   -.22902E-03
    .11699E+00   -.22244E-03
    .11731E+00   -.21597E-03
    .11763E+00   -.20941E-03
    .11795E+00   -.20319E-03
    .11827E+00   -.19751E-03
    .11859E+00   -.19190E-03
    .11891E+00   -.18601E-03
    .11923E+00   -.18026E-03
    .11955E+00   -.17506E-03
    .11987E+00   -.17020E-03
    .12019E+00   -.16522E-03
    .12051E+00   -.16006E-03
    .12083E+00   -.15501E-03
    .12115E+00   -.15027E-03
    .12147E+00   -.14594E-03
    .12179E+00   -.14200E-03
    .12212E+00   -.13820E-03
    .12244E+00   -.13432E-03
    .12276E+00   -.13037E-03
    .12308E+00   -.12650E-03
    .12340E+00   -.12268E-03
    .12372E+00   -.11894E-03
    .12404E+00   -.11529E-03
    .12436E+00   -.11178E-03
    .12468E+00   -.10846E-03
    .12500E+00   -.10529E-03
    .12532E+00   -.10216E-03
    .12564E+00   -.99183E-04
    .12596E+00   -.96274E-04
    .12628E+00   -.93498E-04
    .12660E+00   -.90776E-04
    .12692E+00   -.88022E-04
    .12724E+00   -.85322E-04
    .12756E+00   -.82647E-04
    .12788E+00   -.80032E-04
    .12821E+00   -.77595E-04
    .12853E+00   -.75210E-04
    .12885E+00   -.72932E-04
    .12917E+00   -.70700E-04
    .12949E+00   -.68507E-04
    .12981E+00   -.66439E-04
    .13013E+00   -.64483E-04
    .13045E+00   -.62564E-04
    .13077E+00   -.60633E-04
    .13109E+00   -.58709E-04
    .13141E+00   -.56922E-04
    .13173E+00   -.55169E-04
    .13205E+00   -.53366E-04
    .13237E+00   -.51669E-04
    .13269E+00   -.50088E-04
    .13301E+00   -.48514E-04
    .13333E+00   -.47024E-04
    .13365E+00   -.45571E-04
    .13397E+00   -.44061E-04
    .13429E+00   -.42659E-04
    .13462E+00   -.41277E-04
    .13494E+00   -.39831E-04
    .13526E+00   -.38465E-04
    .13558E+00   -.37163E-04
    .13590E+00   -.35891E-04
    .13622E+00   -.34719E-04
    .13654E+00   -.33626E-04
    .13686E+00   -.32584E-04
    .13718E+00   -.31593E-04
    .13750E+00   -.30582E-04
    .13782E+00   -.29541E-04
    .13814E+00   -.28507E-04
    .13846E+00   -.27341E-04
    .13878E+00   -.26210E-04
    .13910E+00   -.25254E-04
    .13942E+00   -.24198E-04
    .13974E+00   -.23123E-04
    .14006E+00   -.22339E-04
    .14038E+00   -.21533E-04
    .14071E+00   -.20528E-04
    .14103E+00   -.19677E-04
    .14135E+00   -.18877E-04
    .14167E+00   -.18108E-04
    .14199E+00   -.17330E-04
    .14231E+00   -.16497E-04
    .14263E+00   -.15827E-04
    .14295E+00   -.15199E-04
    .14327E+00   -.14286E-04
    .14359E+00   -.13359E-04
    .14391E+00   -.12668E-04
    .14423E+00   -.12059E-04
    .14455E+00   -.11256E-04
    .14487E+00   -.10777E-04
    .14519E+00   -.10446E-04
    .14551E+00   -.94067E-05
    .14583E+00   -.89944E-05
    .14615E+00   -.84806E-05
    .14647E+00   -.71011E-05
    .14679E+00   -.69288E-05
    .14712E+00   -.63081E-05
    .14744E+00   -.50713E-05
    .14776E+00   -.50203E-05
    .14808E+00   -.44102E-05
    .14840E+00   -.35583E-05
    .14872E+00   -.34123E-05
    .14904E+00   -.27429E-05
    .14936E+00   -.17374E-05
    .14968E+00   -.12344E-05
    .15000E+00   -.57240E-06