SNS MEBT-DTL TANK1
GEBEAM
2 1
402.5E06
1000
0. 0.0 0.  0.0 0. 0.
-1.96154 0.18309 10.91
 1.76906 0.16116 10.93
 0.0179  0.77283 512.83
INPUT
939.301404 1. -1.
2.50     0.
EMIPRT
0
SCDYNAC
3
38. 3.
0
EMITGR
BEAM AT INPUT MEBT
0 5
1. 60. 1. 60. 1. 1.  60. 0.06
;MEBT begin
DRIFT
  9.75
QUADRUPO
  6.1  -5.1954957  1.5
DRIFT
  8.4
QUADRUPO
  6.1  5.52190515  1.5
DRIFT
  8.4
QUADRUPO
  6.1  -4.24898385  1.5
DRIFT
  7.95
BUNCHER
  -0.075 -90. 1  1.5
DRIFT
  7.95
QUADRUPO
  6.1 2.4179958  1.5
DRIFT
  11.45
DRIFT
  17.5
DRIFT
  17.5
DRIFT
  15.5
BUNCHER
  -0.045 -90. 1  1.5
DRIFT
  7.7
QUADRUPO
  6.6  -3.4  2.
DRIFT
  3.4
QUADRUPO
  6.6 5.24  2.
DRIFT
  3.4
QUADRUPO
  6.6  -2.34  2.
DRIFT
  13.7
DRIFT
  13.7
QUADRUPO
  6.6  -2.34  2.
DRIFT
  3.4
QUADRUPO
  6.6 5.24  2.
DRIFT
  3.4
QUADRUPO
  6.6  -3.4  2.
DRIFT
  7.7
BUNCHER
  -0.045772986 -90. 1  1.5
DRIFT
  15.5
DRIFT
  17.5
DRIFT
  17.5
DRIFT
  11.95
QUADRUPO
  6.1 2.50807005  1.5
DRIFT
  8.9
QUADRUPO
  6.1  -3.89414505  1.5
DRIFT
  7.45
BUNCHER
  -0.094141641 -90. 1  1.5
DRIFT
  7.45
QUADRUPO
  6.1 4.1373018  1.5
DRIFT
  8.4
QUADRUPO
  6.1  -2.7758154  1.5
DRIFT
  19.45
;MEBT end
;DTL1 begin
SCDYNAC
3
38. 2.
0
QUADRUPO
  1.75  -4.625  1.25
QUADRUPO
  1.75 -5.5773  1.5
EMIPRT
1
;EMITGR
;BEAM AT INPUT DTL
;0 5
;1. 50. 1. 50. 1. 1.  60. 0.06
DRIFT
 -1.75
CAVSC
 1  2.5253  0.07318  5.4326  0.5835  0.0961  0.5652  0.0259  3.5  0.  1.13 -45.
  26.63257  0.0021465  402.5  1.
DRIFT
 -1.75
QUADRUPO
  3.5  0.  1.5
DRIFT
 -1.75
CAVSC
 2  2.5515  0.07356  5.4601  0.5861  0.0957  0.5643  0.0263  3.5  3.7178
  1.1552 -45.  32.09271  0.0021392  402.5  1.
DRIFT
 -1.75
QUADRUPO
  3.5  5.5767  1.5
DRIFT
 -1.75
CAVSC
 3  2.5785  0.07394  5.4894  0.5886  0.0952  0.5633  0.0267  3.5  3.7169
  1.1806 -44.939  37.58212  0.0021314  402.5  1.
DRIFT
 -1.75
QUADRUPO
  3.5  5.57535  1.5
DRIFT
 -1.75
CAVSC
 4  2.6064  0.07434  5.521  0.591  0.0948  0.5624  0.0269  3.5  0.  1.2061
 -44.716  43.10313  0.002123  402.5  1.
DRIFT
 -1.75
QUADRUPO
  3.5  0.  1.5
DRIFT
 -1.75
CAVSC
 5  2.6353  0.07475  5.5511  0.5938  0.0943  0.5614  0.0273  3.5 -3.7168
  1.2317 -44.489  48.65421  0.002115  402.5  1.
DRIFT
 -1.75
QUADRUPO
  3.5 -5.5752  1.5
DRIFT
 -1.75
CAVSC
 6  2.6652  0.07517  5.5821  0.5967  0.0939  0.5603  0.0277  3.5 -3.7166
  1.2575 -44.257  54.23627  0.0021068  402.5  1.
DRIFT
 -1.75
QUADRUPO
  3.5 -5.5749  1.5
DRIFT
 -1.75
CAVSC
 7  2.6962  0.07561  5.614  0.5995  0.0934  0.5593  0.0281  3.5  0.  1.2835
 -44.021  59.85024  0.0020997  402.5  1.
DRIFT
 -1.75
QUADRUPO
  3.5  0.  1.5
DRIFT
 -1.75
CAVSC
 8  2.7283  0.07605  5.6468  0.6023  0.093  0.5582  0.0286  3.5  3.7164  1.3095
 -43.78  65.49704  0.0020926  402.5  1.
DRIFT
 -1.75
QUADRUPO
  3.5  5.5746  1.5
DRIFT
 -1.75
CAVSC
 9  2.7615  0.07651  5.6806  0.6053  0.0925  0.5571  0.029  3.5  3.7159  1.3358
 -43.535  71.17764  0.0020853  402.5  1.
DRIFT
 -1.75
QUADRUPO
  3.5  5.57385  1.5
DRIFT
 -1.75
CAVSC
 10  2.7959  0.07699  5.7154  0.6083  0.092  0.5559  0.0295  3.5  0.  1.3622
 -43.286  76.89302  0.0020778  402.5  1.
DRIFT
 -1.75
QUADRUPO
  3.5  0.  1.5
DRIFT
 -1.75
CAVSC
 11  2.8316  0.07747  5.7512  0.6114  0.0915  0.5548  0.0299  3.5 -3.7155
  1.3887 -43.032  82.64419  0.0020702  402.5  1.
DRIFT
 -1.75
QUADRUPO
  3.5 -5.57325  1.5
DRIFT
 -1.75
CAVSC
 12  2.8684  0.07797  5.788  0.6146  0.091  0.5535  0.0304  3.5 -3.7152  1.4155
 -42.774  88.43219  0.0020629  402.5  1.
DRIFT
 -1.75
QUADRUPO
  3.5 -5.5728  1.5
DRIFT
 -1.75
CAVSC
 13  2.9066  0.07849  5.8259  0.6177  0.0905  0.5523  0.0308  3.5  0.  1.4424
 -42.511  94.25805  0.0020565  402.5  1.
DRIFT
 -1.75
QUADRUPO
  3.5  0.  1.5
DRIFT
 -1.75
CAVSC
 14  2.9461  0.07902  5.8648  0.6209  0.0899  0.551  0.0313  3.5  3.715  1.4695
 -42.245  100.12286  0.0020499  402.5  1.
DRIFT
 -1.75
QUADRUPO
  3.5  5.5725  1.5
DRIFT
 -1.75
CAVSC
 15  2.9871  0.07956  5.9049  0.6241  0.0894  0.5497  0.0317  3.5  3.7149
  1.4967 -41.974  106.02771  0.0020431  402.5  1.
DRIFT
 -1.75
QUADRUPO
  3.5  5.57235  1.5
DRIFT
 -1.75
CAVSC
 16  3.0294  0.08012  5.946  0.6275  0.0888  0.5483  0.0322  3.5  0.  1.5242
 -41.699  111.97374  0.0020361  402.5  1.
DRIFT
 -1.75
QUADRUPO
  3.5  0.  1.5
DRIFT
 -1.75
CAVSC
 17  3.0733  0.0807  5.9884  0.6308  0.0883  0.547  0.0327  3.5 -3.7145  1.5518
 -41.42  117.9621  0.0020301  402.5  1.
DRIFT
 -1.75
QUADRUPO
  3.5 -5.57175  1.5
DRIFT
 -1.75
CAVSC
 18  3.1187  0.08129  6.0319  0.6342  0.0877  0.5456  0.0331  3.5 -3.7145
  1.5797 -41.137  123.99397  0.0020244  402.5  1.
DRIFT
 -1.75
QUADRUPO
  3.5 -5.57175  1.5
DRIFT
 -1.75
CAVSC
 19  3.1657  0.08189  6.0766  0.6376  0.0871  0.5441  0.0336  3.5  0.  1.6077
 -40.85  130.07053  0.0020185  402.5  1.
DRIFT
 -1.75
QUADRUPO
  3.5  0.  1.5
DRIFT
 -1.75
CAVSC
 20  3.2144  0.08252  6.1225  0.6411  0.0865  0.5426  0.0341  3.5  3.7145
  1.636 -40.559  136.19304  0.0020125  402.5  1.
DRIFT
 -1.75
QUADRUPO
  3.5  5.57175  1.5
DRIFT
 -1.75
CAVSC
 21  3.2648  0.08316  6.1697  0.6446  0.0859  0.5411  0.0345  3.5  3.7143
  1.6644 -40.264  142.36274  0.0020072  402.5  1.
DRIFT
 -1.75
QUADRUPO
  3.5  5.57145  1.5
DRIFT
 -1.75
CAVSC
 22  3.317  0.08382  6.2182  0.6481  0.0853  0.5396  0.035  3.5  0.  1.6931
 -39.965  148.58093  0.0020026  402.5  1.
DRIFT
 -1.75
QUADRUPO
  3.5  0.  1.5
DRIFT
 -1.75
CAVSC
 23  3.371  0.08449  6.268  0.6517  0.0847  0.538  0.0355  3.5 -3.7141  1.7221
 -39.663  154.84891  0.0019979  402.5  1.
DRIFT
 -1.75
QUADRUPO
  3.5 -5.57115  1.5
DRIFT
 -1.75
CAVSC
 24  3.427  0.08519  6.3191  0.6553  0.0841  0.5364  0.0359  3.5 -3.714  1.7512
 -39.358  161.16803  0.0019931  402.5  1.
DRIFT
 -1.75
QUADRUPO
  3.5 -5.571  1.5
DRIFT
 -1.75
CAVSC
 25  3.4849  0.0859  6.3716  0.6588  0.0835  0.5348  0.0364  3.5  0.  1.7806
 -39.048  167.53965  0.0019892  402.5  1.
DRIFT
 -1.75
QUADRUPO
  3.5  0.  1.5
DRIFT
 -1.75
CAVSC
 26  3.5449  0.08663  6.4255  0.6623  0.0829  0.5332  0.0369  3.5  3.7138
  1.8103 -38.736  173.96517  0.0019856  402.5  1.
DRIFT
 -1.75
QUADRUPO
  3.5  5.5707  1.5
DRIFT
 -1.75
CAVSC
 27  3.6069  0.08738  6.4808  0.6659  0.0822  0.5316  0.0373  3.5  3.7136
  1.8402 -38.42  180.44601  0.0019819  402.5  1.
DRIFT
 -1.75
QUADRUPO
  3.5  5.5704  1.5
DRIFT
 -1.75
CAVSC
 28  3.6712  0.08816  6.5376  0.6695  0.0816  0.5299  0.0378  3.5  0.  1.8703
 -38.101  186.98361  0.0019787  402.5  1.
DRIFT
 -1.75
QUADRUPO
  3.5  0.  1.5
DRIFT
 -1.75
CAVSC
 29  3.7378  0.08895  6.5959  0.6732  0.0809  0.5281  0.0382  3.5 -3.7131
  1.9007 -37.78  193.57948  0.0019767  402.5  1.
DRIFT
 -1.75
QUADRUPO
  3.5 -5.56965  1.5
DRIFT
 -1.75
CAVSC
 30  3.8067  0.08976  6.6556  0.6769  0.0803  0.5263  0.0387  3.5 -3.713
  1.9314 -37.455  200.23512  0.0019746  402.5  1.
DRIFT
 -1.75
QUADRUPO
  3.5 -5.5695  1.5
DRIFT
 -1.75
CAVSC
 31  3.8781  0.09059  6.717  0.6807  0.0796  0.5245  0.0391  3.5  0.  1.9624
 -37.127  206.9521  0.0019727  402.5  1.
DRIFT
 -1.75
QUADRUPO
  3.5  0.  1.5
DRIFT
 -1.75
CAVSC
 32  3.952  0.09144  6.7799  0.6844  0.0789  0.5226  0.0396  3.5  3.713  1.9937
 -36.797  213.732  0.0019721  402.5  1.
DRIFT
 -1.75
QUADRUPO
  3.5  5.5695  1.5
DRIFT
 -1.75
CAVSC
 33  4.0286  0.09232  6.8444  0.6882  0.0782  0.5207  0.04  3.5  3.713  2.0252
 -36.464  220.57643  0.0019715  402.5  1.
DRIFT
 -1.75
QUADRUPO
  3.5  5.5695  1.5
DRIFT
 -1.75
CAVSC
 34  4.1079  0.09322  6.9106  0.692  0.0775  0.5188  0.0404  3.5  0.  2.0571
 -36.128  227.48705  0.0019714  402.5  1.
DRIFT
 -1.75
QUADRUPO
  3.5  0.  1.5
DRIFT
 -1.75
CAVSC
 35  4.19  0.09414  6.9785  0.6957  0.0768  0.5169  0.0409  3.5 -3.7127  2.0893
 -35.791  234.46552  0.0019723  402.5  1.
DRIFT
 -1.75
QUADRUPO
  3.5 -5.56905  1.5
DRIFT
 -1.75
CAVSC
 36  4.275  0.09508  7.048  0.6996  0.0761  0.5149  0.0413  3.5 -3.7126  2.1218
 -35.451  241.51357  0.0019733  402.5  1.
DRIFT
 -1.75
QUADRUPO
  3.5 -5.5689  1.5
DRIFT
 -1.75
CAVSC
 37  4.3631  0.09605  7.1194  0.7034  0.0754  0.5128  0.0417  3.5  0.  2.1546
 -35.109  248.63295  0.0019754  402.5  1.
DRIFT
 -1.75
QUADRUPO
  3.5  0.  1.5
DRIFT
 -1.75
CAVSC
 38  4.4543  0.09704  7.1925  0.7074  0.0746  0.5106  0.0421  3.5  3.7125
  2.1877 -34.765  255.82544  0.0019782  402.5  1.
DRIFT
 -1.75
QUADRUPO
  3.5  5.56875  1.5
DRIFT
 -1.75
CAVSC
 39  4.5489  0.09806  7.2675  0.7114  0.0738  0.5084  0.0425  3.5  3.7124
  2.2212 -34.419  263.09289  0.0019812  402.5  1.
DRIFT
 -1.75
QUADRUPO
  3.5  5.5686  1.5
DRIFT
 -1.75
CAVSC
 40  4.6468  0.0991  7.3443  0.7151  0.0731  0.5064  0.0429  3.5  0.  2.2551
 -34.072  270.43715  0.0019855  402.5  1.
DRIFT
 -1.75
QUADRUPO
  3.5  0.  1.5
DRIFT
 -1.75
CAVSC
 41  4.7482  0.10017  7.4229  0.7189  0.0724  0.5042  0.0432  3.5 -3.7123
  2.2893 -33.723  277.86008  0.0019899  402.5  1.
DRIFT
 -1.75
QUADRUPO
  3.5 -5.56845  1.5
DRIFT
 -1.75
CAVSC
 42  4.8532  0.10126  7.5035  0.7229  0.0716  0.5018  0.0436  3.5 -3.7123
  2.3238 -33.373  285.36362  0.0019815  402.5  1.
DRIFT
 -1.75
QUADRUPO
  3.5 -5.56845  1.5
DRIFT
 -1.75
CAVSC
 43  4.9621  0.10238  7.5861  0.727  0.0707  0.4993  0.044  3.5  0.  2.3588
 -33.021  292.94976  0.0019668  402.5  1.
DRIFT
 -1.75
QUADRUPO
  3.5  0.  1.5
DRIFT
 -1.75
CAVSC
 44  5.0749  0.10353  7.6708  0.7313  0.0699  0.4966  0.0443  3.5  3.7121
  2.3941 -32.669  300.62054  0.0019519  402.5  1.
DRIFT
 -1.75
QUADRUPO
  3.5  5.56815  1.5
DRIFT
 -1.75
CAVSC
 45  5.1919  0.10471  7.7575  0.7356  0.069  0.4939  0.0447  3.5  3.7116
  2.4299 -32.315  308.37804  0.0019366  402.5  1.
DRIFT
 -1.75
QUADRUPO
  3.5  5.5674  1.5
DRIFT
 -1.75
CAVSC
 46  5.3131  0.10591  7.8463  0.7399  0.0681  0.4912  0.045  3.5  0.  2.466
 -31.96  316.22438  0.0019233  402.5  1.
DRIFT
 -1.75
QUADRUPO
  3.5  0.  1.5
DRIFT
 -1.75
CAVSC
 47  5.4387  0.10715  7.9373  0.7439  0.0673  0.4886  0.0453  3.5 -3.7111
  2.5026 -31.605  324.16171  0.0019155  402.5  1.
DRIFT
 -1.75
QUADRUPO
  3.5 -5.56665  1.5
DRIFT
 -1.75
CAVSC
 48  5.5688  0.10841  8.0305  0.7479  0.0665  0.4859  0.0456  3.5 -3.7109
  2.5396 -31.249  332.19218  0.0019075  402.5  1.
DRIFT
 -1.75
QUADRUPO
  3.5 -5.56635  1.5
DRIFT
 -1.75
CAVSC
 49  5.7037  0.1097  8.1258  0.7521  0.0656  0.4832  0.0459  3.5  0.  2.577
 -30.892  340.31801  0.0018993  402.5  1.
DRIFT
 -1.75
QUADRUPO
  3.5  0.  1.5
DRIFT
 -1.75
CAVSC
 50  5.8435  0.11103  8.2235  0.7561  0.0648  0.4805  0.0462  3.5  3.7108
  2.6149 -30.536  348.54147  0.0018932  402.5  1.
DRIFT
 -1.75
QUADRUPO
  3.5  5.5662  1.5
DRIFT
 -1.75
CAVSC
 51  5.9883  0.11238  8.3233  0.7599  0.064  0.4779  0.0465  3.5  3.7106
  2.6532 -30.179  356.8648  0.0018921  402.5  1.
DRIFT
 -1.75
QUADRUPO
  3.5  5.5659  1.5
DRIFT
 -1.75
CAVSC
 52  6.1383  0.11377  8.4255  0.7637  0.0631  0.4752  0.0468  3.5  0.  2.692
 -29.823  365.29031  0.001891  402.5  1.
DRIFT
 -1.75
QUADRUPO
  3.5  0.  1.5
DRIFT
 -1.75
CAVSC
 53  6.2938  0.11518  8.53  0.7677  0.0623  0.4725  0.047  3.5 -3.7105  2.7313
 -29.467  373.82035  0.0018899  402.5  1.
DRIFT
 -1.75
QUADRUPO
  3.5 -5.56575  1.5
DRIFT
 -1.75
CAVSC
 54  6.4548  0.11663  8.6369  0.7714  0.0615  0.4699  0.0472  3.5 -3.7103
  2.771 -29.111  382.45727  0.0018933  402.5  1.
DRIFT
 -1.75
QUADRUPO
  3.5 -5.56545  1.5
DRIFT
 -1.75
CAVSC
 55  6.6215  0.11812  8.7462  0.775  0.0607  0.4673  0.0475  3.5  0.  2.8113
 -28.756  391.20348  0.001899  402.5  1.
DRIFT
 -1.75
QUADRUPO
  3.5  0.  1.5
DRIFT
 -1.75
CAVSC
 56  6.7943  0.11963  8.8579  0.7786  0.0599  0.4647  0.0477  3.5  3.7101
  2.8521 -28.402  400.06141  0.0019049  402.5  1.
DRIFT
 -1.75
QUADRUPO
  3.5  5.56515  1.5
DRIFT
 -1.75
CAVSC
 57  6.9732  0.12118  8.9721  0.7823  0.0591  0.4621  0.0479  3.5  3.71  2.8934
 -28.048  409.03351  0.0019125  402.5  1.
DRIFT
 -1.75
QUADRUPO
  3.5  5.565  1.5
DRIFT
 -1.75
CAVSC
 58  7.1555  0.12273  9.0189  0.7892  0.0588  0.4588  0.0529  3.5  0.  2.935
 -30.436  418.05246  0.001917  402.5  1.
DRIFT
 -1.75
QUADRUPO
  3.5  0.  1.5
DRIFT
 -1.75
CAVSC
 59  7.3389  0.12428  9.1333  0.7923  0.0581  0.4564  0.0531  3.5 -3.71  2.9771
 -32.824  427.18575  0.0019282  402.5  1.
DRIFT
 -1.75
QUADRUPO
  3.5 -5.565  1.5
DRIFT
 -1.75
CAVSC
 60  7.523  0.12581  9.2467  0.7954  0.0574  0.454  0.0533  3.5 -3.71  3.0197
 -35.212  436.43247  0.0019393  402.5  1.
DRIFT
 -1.75
QUADRUPO
  1.75 -5.565  1.5
QUADRUPO
  1.75 -5.565  1.5
;DTL1 end
EMITGR
BEAM AT OUTPUT DTL TANK 1
0 5
1. 50. 1. 50. 1. 1.  90. 0.2
;ENVEL
;Beam from RFQ output to DTL1 output
;0. 15.
;1. 1. 30. 60.
;PROFGR
;BEAM AT DTL 1 OUTPUT 
;0  0 
;1.  1.  40.  0
STOP
